70,0.1297
120,0.4237
170,0.6486000000000001
220,0.8878
270,1.101
320,1.346
370,1.55
420,1.772
470,1.994
520,2.1590000000000003
570,2.3890000000000002
620,2.637
670,2.833
720,3.0060000000000002
770,3.156
820,3.338
870,3.606
920,3.811
970,-6.77e-07
***
LDiode 3.0mW
718,710,701,692,683
674,666,658,651,643
635,628,620,614,608
602,595,589,583,577
571,564,558,551,545
538,532,525,518,509
499,490,481,472,465
458,451,444,437,430
424,417,410,403,396
389,383,376,369,361
354,347,339,332,324
317,311,305,299,293
286,280,274,268,261
253,246,239,232,225
218,212,205,199,193
186,180,174,167,161
154,147,140,134,127
120,115,110,105,99
94,89,84,79,74
129,339,549,760,970

3.0,718
2.9,689
2.8,662
2.7,636
2.6,613
2.5,592
2.4,572
2.3,551
2.2,529
2.1,502
2.0,472
1.9,449
1.8,426
1.7,404
1.6,381
1.5,358
1.4,333
1.3,311
1.2,290
1.1,270
1.0,246
0.9,223
0.8,202
0.7,181
0.6,159
0.5,137
0.4,116
0.3,99
0.2,82
0.1,276
0.0,970
