70,0.5246000000000001
120,0.8273
170,1.115
220,1.424
270,1.695
320,1.989
370,2.297
420,2.629
470,2.891
520,3.246
570,3.5340000000000003
620,3.92
670,4.142
720,4.402
770,4.776
820,5.119
870,5.353
920,0.005765
970,-0.00864
***
LDiode 3.0mW
485,481,477,473,468
462,456,450,445,439
433,427,421,417,412
407,403,398,394,389
385,380,375,371,366
361,356,351,346,341
337,332,327,322,317
312,306,301,296,291
286,281,275,270,265
259,254,248,242,237
231,226,220,215,210
205,200,196,191,186
181,176,171,166,161
155,150,145,139,134
129,124,118,113,108
103,98,93,88,83
78,73,86,137,188
239,291,342,393,444
495,546,597,649,700
751,802,853,904,955

3.0,485
2.9,471
2.8,453
2.7,434
2.6,416
2.5,401
2.4,386
2.3,370
2.2,354
2.1,338
2.0,322
1.9,305
1.8,288
1.7,271
1.6,252
1.5,234
1.4,216
1.3,200
1.2,184
1.1,167
1.0,150
0.9,133
0.8,115
0.7,99
0.6,82
0.5,112
0.4,280
0.3,449
0.2,618
0.1,787
0.0,955
